100 100
55 24 3 8 91 50 54 52 53 4 21 26 44 48 14 23 58 53 73 66 97 87 87 50 1 78 80 72 14 3 20 88 4 93 18 11 37 5 49 97 52 76 72 22 65 26 97 66 56 62 51 71 94 12 7 9 54 66 30 30 60 63 61 6 54 54 74 92 91 98 15 14 25 21 25 16 20 60 62 95 11 67 17 8 93 91 31 63 83 14 36 75 57 71 44 54 13 82 94 42 
32 24 74 46 65 46 16 75 61 77 93 37 28 99 38 59 59 79 69 34 48 68 26 60 17 5 23 75 88 50 9 92 41 90 46 9 93 2 78 79 75 44 84 6 10 53 83 37 81 79 83 69 65 25 12 92 66 27 39 33 63 76 99 94 2 72 33 68 78 15 33 82 4 49 85 17 47 85 64 32 25 18 65 56 37 99 16 17 1 3 6 28 14 68 24 78 65 12 67 55 
54 59 85 54 18 22 58 51 28 14 53 66 21 100 44 10 36 45 34 42 23 16 8 38 22 15 40 77 98 84 9 94 65 12 74 56 3 8 64 55 80 92 26 61 8 10 25 84 11 86 63 94 82 59 84 60 95 40 47 60 80 78 49 35 16 99 87 59 71 87 48 78 58 13 51 59 33 19 9 47 34 98 35 34 56 75 87 61 5 39 86 9 12 6 87 75 86 32 18 97 
74 29 51 46 63 96 96 21 50 94 25 58 52 44 65 93 28 83 78 55 55 68 98 36 29 27 38 41 85 1 8 88 98 76 31 94 83 51 97 58 21 86 61 42 87 6 23 78 17 13 29 32 64 2 99 21 77 40 80 45 1 41 44 91 100 85 74 5 71 12 14 38 40 22 32 24 46 45 20 79 97 2 24 78 98 64 54 31 78 26 9 92 83 19 66 84 2 55 3 71 
94 1 46 37 66 43 89 58 85 51 96 41 4 58 54 8 2 67 79 42 94 73 78 5 23 9 61 63 3 78 51 73 14 43 58 78 7 81 62 64 40 80 79 7 60 59 11 22 44 79 83 7 91 76 71 78 76 99 22 23 45 17 23 28 23 16 7 52 55 75 65 64 55 41 47 7 79 71 35 43 80 53 82 41 88 46 62 97 83 100 54 44 2 99 27 22 43 40 51 78 
69 21 99 28 38 37 5 2 13 73 76 17 88 88 86 93 17 70 65 92 24 41 22 18 2 97 2 2 76 93 55 58 57 41 67 12 41 25 73 14 54 41 6 50 98 56 56 14 8 93 89 71 70 66 14 21 56 40 40 22 8 7 56 25 83 66 74 28 80 99 55 49 92 52 18 25 44 91 63 47 25 93 50 95 27 9 68 74 47 18 99 72 85 84 18 24 45 90 76 36 
55 90 83 76 39 3 48 25 63 91 23 37 3 31 100 89 47 54 55 54 32 33 57 83 43 32 7 92 78 60 1 52 34 12 55 100 81 71 38 85 39 11 33 26 73 67 58 100 10 21 68 7 87 21 93 68 69 88 78 63 2 81 56 78 68 45 100 42 40 96 55 34 98 83 48 48 60 20 53 4 82 48 63 90 29 95 60 77 68 31 84 35 21 49 10 71 25 85 89 90 
18 69 66 87 45 34 46 90 64 67 92 100 8 88 91 11 11 3 53 55 2 70 44 48 55 91 1 48 35 30 63 55 36 51 21 6 15 55 41 66 71 64 74 57 11 14 70 65 26 10 61 25 32 21 91 89 38 58 59 62 32 41 60 70 12 74 98 66 84 66 11 72 62 62 58 38 33 46 18 52 23 43 30 71 85 99 21 99 71 31 87 92 61 75 18 65 96 67 15 69 
28 59 58 78 81 20 8 59 2 48 81 73 15 62 47 49 6 26 5 33 49 69 25 17 7 96 10 97 8 85 82 8 95 95 86 3 64 48 17 26 11 18 25 46 76 33 97 45 88 93 72 93 45 17 31 8 7 92 36 26 65 46 63 73 62 80 21 69 92 20 78 80 9 19 4 43 6 89 83 9 22 83 87 90 92 27 94 21 4 99 20 14 91 72 28 5 5 24 30 3 
1 18 13 68 65 78 88 95 74 23 77 95 82 48 52 70 55 15 42 30 94 70 59 81 1 94 55 81 99 91 65 81 45 50 92 52 54 22 80 63 93 81 80 45 93 96 22 94 53 93 44 62 52 7 53 3 7 14 98 92 57 58 29 88 10 36 87 70 86 23 71 71 22 33 57 56 100 1 27 53 63 52 41 27 11 38 8 43 46 64 99 95 44 26 42 92 1 44 57 17 
44 9 84 83 44 64 90 54 5 11 37 68 30 19 58 78 38 52 97 34 98 13 60 50 19 96 48 28 23 42 57 75 32 61 13 20 54 80 44 40 34 78 34 98 33 34 68 32 73 44 56 7 73 30 71 20 22 4 17 80 57 29 20 63 68 27 95 13 8 59 39 69 83 25 93 5 57 46 17 85 80 99 79 67 89 76 48 69 58 71 56 79 60 88 24 78 64 5 38 86 
4 58 56 23 97 36 45 73 10 43 42 70 39 60 30 26 2 55 45 17 41 47 59 38 77 54 99 52 32 1 65 64 70 35 91 5 18 97 9 16 15 43 89 42 49 75 93 3 24 31 57 30 82 78 48 17 4 62 23 62 10 64 61 17 16 6 54 73 71 23 86 54 35 33 40 47 44 58 36 37 90 36 19 91 61 89 89 93 95 90 78 94 98 25 51 61 17 51 67 92 
28 47 36 56 63 80 16 61 84 20 33 82 17 46 46 34 84 51 85 2 35 27 26 89 14 22 73 76 54 81 10 40 12 3 45 34 9 7 76 70 91 6 52 25 29 69 29 7 45 25 20 52 22 36 71 67 84 29 34 14 22 42 87 12 67 95 20 5 97 90 49 64 74 86 51 8 14 66 56 90 64 68 87 4 32 29 64 94 85 46 36 80 86 73 70 69 95 52 20 80 
61 30 8 39 85 49 88 86 30 69 66 36 60 45 54 74 77 51 4 71 47 38 31 18 90 62 15 94 73 82 76 39 39 28 53 74 40 65 97 25 42 87 30 53 7 69 70 62 61 9 64 73 48 28 84 60 55 12 27 25 83 81 16 99 88 83 63 34 92 85 4 52 93 72 4 4 82 55 71 36 85 32 15 68 79 52 78 74 79 63 29 79 8 58 10 71 7 29 48 88 
35 84 20 21 8 84 16 69 74 88 18 22 59 73 68 66 17 98 86 5 32 27 16 67 58 59 26 77 38 81 100 79 56 49 76 92 15 79 97 60 65 44 85 49 75 48 85 58 15 72 94 60 74 60 80 76 49 5 27 43 85 75 95 51 55 7 41 33 6 18 36 85 99 99 55 32 68 88 14 27 100 89 29 31 44 65 70 17 40 56 65 85 77 83 86 6 9 25 24 96 
25 28 9 86 93 56 61 95 61 26 100 15 79 61 68 71 38 21 27 12 44 51 30 20 27 44 24 43 65 57 4 83 21 15 2 28 42 81 87 9 66 91 69 78 95 41 64 84 25 24 58 92 57 31 80 53 69 5 53 77 11 85 69 74 10 59 99 40 81 81 14 16 77 74 20 27 83 41 96 89 61 94 72 79 1 64 54 21 30 52 44 4 80 11 51 94 60 4 78 97 
53 83 16 63 45 24 63 18 78 78 20 81 19 80 32 70 87 39 38 100 71 5 27 55 82 77 16 27 90 31 73 100 48 67 47 54 95 60 19 48 76 43 60 68 83 34 31 45 13 84 5 17 55 88 95 70 54 30 43 99 4 13 34 95 65 26 78 12 90 26 36 66 30 66 74 26 88 81 67 45 46 35 78 37 51 93 58 56 35 92 67 88 87 63 48 10 43 95 36 82 
47 24 61 48 30 49 23 62 16 71 83 79 97 68 43 74 69 52 19 1 26 35 6 97 40 21 56 92 59 32 94 77 91 50 78 61 90 35 50 18 81 43 28 79 64 61 9 29 28 25 7 69 72 48 66 65 52 91 55 84 11 26 64 30 69 26 57 87 57 12 26 12 7 64 7 72 29 69 66 85 20 40 80 33 67 54 58 24 80 29 25 55 10 46 98 23 85 100 79 67 
31 91 80 74 25 51 68 60 98 15 32 56 84 61 25 39 48 93 1 47 22 45 65 5 96 4 77 13 38 90 15 89 30 99 48 3 44 41 61 34 76 35 40 52 28 91 57 47 32 75 75 88 81 57 40 76 21 22 60 6 94 48 92 96 15 60 21 37 17 76 37 87 41 29 29 37 31 75 21 77 44 5 48 67 46 5 90 62 70 79 48 18 38 61 43 67 32 71 20 37 
2 17 92 90 95 86 67 89 12 91 55 9 71 69 12 12 14 81 8 82 18 7 56 45 38 13 86 92 93 91 39 62 96 49 64 76 31 89 95 3 33 6 17 40 7 73 28 17 92 68 25 58 1 97 28 25 64 57 97 54 11 23 85 24 2 16 80 78 42 16 18 100 59 5 74 33 61 28 54 98 96 100 41 24 53 6 100 16 49 81 13 68 98 29 67 62 71 9 66 71 
66 25 12 42 28 92 29 70 85 43 32 96 25 53 33 6 88 79 53 46 81 91 31 77 86 6 12 83 11 85 43 47 42 1 47 75 89 4 69 74 72 95 73 28 28 18 34 22 62 57 4 28 21 89 95 59 14 26 60 68 33 32 10 36 81 91 89 17 7 47 88 93 61 34 23 21 39 3 61 84 12 78 73 20 57 34 81 93 73 79 29 58 33 16 79 33 15 68 74 60 
76 54 35 32 43 86 37 28 47 52 30 95 30 96 64 41 53 54 82 62 86 58 39 2 63 59 58 37 27 54 70 85 37 89 41 48 62 93 6 99 30 10 88 67 92 99 35 29 20 2 16 87 11 19 45 25 34 31 90 57 69 76 6 83 72 16 98 1 74 43 44 45 42 20 57 73 85 85 25 16 69 82 50 33 46 80 76 66 63 63 33 64 19 24 29 13 49 67 66 66 
25 28 53 21 38 23 48 63 54 2 14 4 11 57 23 64 49 65 6 40 75 43 39 79 66 24 67 71 72 39 35 65 62 40 58 21 90 4 12 50 24 55 23 93 91 2 67 63 58 50 96 87 95 91 22 32 72 58 50 88 16 24 32 96 36 79 62 71 20 90 64 45 6 66 57 28 27 96 11 55 3 87 70 19 37 84 49 9 79 1 58 99 15 61 17 92 89 94 20 29 
10 26 93 73 7 39 72 82 82 96 84 30 56 66 70 69 41 89 65 81 47 68 56 71 55 91 4 48 96 79 78 71 20 29 11 58 59 67 2 4 73 26 55 54 70 30 100 39 16 3 15 52 25 73 42 39 21 31 25 94 84 64 83 88 93 67 25 97 64 49 55 100 1 45 64 48 20 20 8 57 43 25 91 18 74 41 44 10 73 34 98 22 91 1 68 60 60 41 84 1 
99 13 69 79 5 53 5 99 36 69 68 95 3 93 59 80 47 83 98 84 74 63 24 78 70 37 44 43 91 38 88 85 27 49 5 3 37 59 76 18 72 2 10 74 60 4 87 63 56 14 80 13 47 34 39 72 18 18 99 14 25 87 91 64 26 67 70 22 53 9 60 71 63 99 62 71 87 58 27 19 16 1 97 73 31 27 71 60 15 19 96 92 78 35 2 3 20 80 68 3 
36 32 52 76 37 30 61 16 86 92 1 95 84 46 39 66 36 84 83 6 87 48 60 58 2 77 19 6 60 17 11 41 90 37 33 15 9 82 81 65 57 61 65 6 4 23 91 85 40 63 44 34 63 68 95 82 44 79 99 91 1 69 67 97 91 11 3 21 38 53 63 4 68 49 34 43 12 38 12 11 40 1 11 41 22 73 69 69 91 16 60 6 25 93 29 71 34 71 76 92 
92 24 90 87 40 84 82 23 16 98 37 69 29 48 45 38 87 25 72 9 8 18 94 14 70 3 73 92 27 17 79 9 12 62 82 89 61 90 4 75 9 5 94 49 57 40 84 6 29 41 19 87 81 44 27 61 36 19 76 83 94 92 53 3 80 96 41 41 67 88 69 82 77 78 8 81 39 3 79 23 9 62 98 92 30 19 52 19 96 98 63 22 96 29 19 13 56 55 14 78 
40 38 27 25 77 49 87 45 58 75 4 66 36 20 21 37 51 65 29 97 20 37 16 45 76 13 24 48 29 41 47 78 96 92 99 90 82 18 91 79 2 66 58 54 68 56 10 82 43 65 63 73 2 13 5 24 56 90 90 48 73 23 98 29 90 77 58 5 54 16 33 79 66 31 57 32 85 19 43 79 48 42 78 43 15 85 69 31 37 27 84 11 81 11 78 87 11 58 55 69 
55 3 44 76 71 6 38 15 23 58 87 69 42 48 54 15 78 7 39 27 29 39 75 75 39 97 98 92 31 41 77 75 29 9 10 21 40 62 59 44 49 10 2 16 25 20 25 45 80 31 15 39 6 94 2 16 70 20 48 6 100 56 33 88 27 52 28 44 36 24 9 75 88 99 12 100 6 44 3 55 44 66 58 35 71 70 33 62 71 8 100 33 36 100 1 27 71 20 22 40 
43 49 64 97 77 42 96 92 46 55 30 89 12 31 41 45 32 70 54 57 54 75 28 12 74 73 45 19 84 12 23 31 88 94 63 36 37 86 1 89 75 50 94 48 34 100 11 13 98 58 42 48 13 96 20 24 64 79 20 25 47 75 31 14 43 79 65 46 25 93 54 54 77 26 71 65 69 68 14 10 12 37 79 87 36 48 23 3 17 68 61 86 93 89 60 53 62 91 77 75 
95 30 43 53 67 42 62 91 87 38 46 40 53 22 1 40 32 53 34 100 16 44 66 95 6 62 37 54 58 15 49 66 67 59 93 24 42 95 30 84 89 24 19 84 83 68 8 45 45 15 9 83 55 69 5 48 96 98 64 70 34 53 7 20 13 59 82 18 56 23 42 30 55 44 79 78 10 19 34 51 9 53 4 22 83 7 17 17 9 46 33 39 56 23 7 19 93 75 37 95 
8 5 90 94 65 74 14 58 18 100 15 8 48 63 97 58 82 37 96 43 34 29 68 27 27 84 53 60 92 68 84 78 18 45 39 98 88 4 100 23 2 70 85 27 69 25 12 56 74 24 24 2 49 98 41 38 78 22 28 24 61 95 83 8 80 75 41 77 92 68 6 61 46 24 13 86 25 62 68 79 86 19 58 21 38 78 18 89 61 87 8 24 41 4 41 21 24 3 99 60 
4 36 96 50 88 52 10 20 33 15 86 6 79 83 31 100 52 3 87 95 54 26 79 8 94 31 94 20 13 28 33 17 87 38 94 67 14 63 40 49 63 13 15 80 8 27 34 77 3 43 9 48 16 76 67 32 20 30 51 20 76 57 55 77 4 77 94 80 13 87 47 47 18 42 58 17 47 98 31 2 10 97 68 92 75 18 23 88 40 57 78 14 58 70 51 1 58 49 50 45 
26 71 86 62 47 61 3 61 65 45 20 37 34 87 44 7 70 11 5 26 30 36 2 17 17 98 49 25 38 50 7 100 27 2 11 5 8 66 33 84 53 4 90 83 35 76 34 22 37 63 91 83 58 30 94 11 16 92 10 63 9 65 47 37 55 20 89 25 70 77 45 100 82 8 40 65 33 47 42 14 34 67 47 45 1 90 93 21 25 96 75 4 50 86 60 53 5 32 31 69 
2 29 34 80 24 28 58 36 87 54 86 61 25 76 82 51 58 13 78 45 63 35 30 29 31 100 86 4 3 22 98 73 49 9 79 100 58 76 5 22 6 40 65 63 45 48 89 15 87 62 99 73 34 42 6 28 33 20 37 42 11 92 89 29 13 76 63 87 86 94 36 35 10 60 4 96 34 88 68 4 87 17 2 98 76 84 100 27 85 56 21 25 13 22 49 76 31 35 8 93 
45 61 13 72 95 6 7 93 53 80 25 10 1 94 72 78 55 47 78 27 45 16 4 43 79 89 39 47 86 39 3 92 61 41 4 79 39 71 69 39 56 15 24 1 23 53 50 85 52 62 77 70 34 35 5 80 36 6 59 95 60 75 2 45 17 38 69 11 41 65 16 50 13 19 93 69 14 34 16 61 35 22 54 58 26 44 95 91 25 70 98 19 37 54 31 1 33 64 52 57 
23 74 55 85 91 72 20 96 31 81 20 7 31 100 21 71 31 29 100 39 18 99 23 89 51 55 32 13 18 17 84 59 78 100 23 87 73 46 8 66 46 44 98 33 22 83 50 67 61 11 16 84 25 95 90 77 6 34 16 74 78 80 15 89 98 75 11 29 44 23 63 3 32 24 70 79 46 94 17 48 3 80 64 17 89 71 56 57 57 52 59 32 3 1 74 46 99 65 16 83 
68 22 5 42 16 62 85 38 72 47 6 43 94 54 24 72 2 21 92 72 23 66 59 82 17 36 25 15 46 77 22 84 36 64 38 74 4 30 4 44 7 3 94 21 30 64 76 52 100 11 63 50 28 40 88 62 97 55 57 55 86 47 44 2 77 14 48 30 32 10 3 62 93 2 95 59 21 78 99 15 99 83 16 81 72 46 31 84 36 3 88 30 78 16 78 17 85 30 48 75 
45 9 71 41 23 21 86 54 45 96 58 18 40 52 36 51 12 28 42 54 55 42 9 20 60 74 47 38 87 5 66 52 59 7 88 38 13 27 48 90 17 24 16 27 11 97 66 81 36 7 90 5 93 61 56 83 54 24 81 44 55 3 2 37 28 40 86 65 32 60 82 50 93 71 47 35 50 93 20 50 11 8 57 92 61 42 62 90 9 38 8 13 96 61 72 47 31 63 38 61 
13 84 93 67 93 19 71 7 51 73 65 68 99 22 46 43 78 54 47 72 42 4 94 25 53 12 73 100 21 59 30 83 4 29 80 23 97 93 35 8 40 52 48 78 60 34 29 59 44 34 95 90 13 36 53 19 34 73 18 9 33 14 34 66 85 33 92 83 99 38 89 51 52 53 47 56 30 17 82 87 47 46 10 6 41 60 1 77 42 2 51 32 65 58 7 68 73 56 3 42 
34 62 67 94 17 76 100 48 30 61 58 53 69 99 94 55 100 99 40 53 83 8 46 5 99 24 30 62 85 29 19 57 90 74 85 51 97 54 32 45 53 15 35 55 22 28 11 88 88 54 73 49 94 100 58 52 56 100 14 49 92 16 12 5 11 54 71 19 13 28 67 100 57 72 85 44 86 46 91 17 47 3 67 43 97 20 72 57 78 69 19 24 69 58 12 90 45 63 50 44 
47 81 38 52 58 83 68 17 63 14 35 56 51 3 58 36 96 63 14 11 22 6 31 7 65 19 97 39 24 48 71 68 7 76 18 54 97 92 18 98 78 10 57 8 85 28 56 14 29 94 23 49 62 29 44 65 62 6 34 17 4 23 23 60 66 10 76 55 39 85 27 69 94 47 80 69 82 67 49 95 14 38 91 64 64 25 80 64 47 21 13 86 89 54 65 12 9 98 60 82 
56 36 92 34 52 93 40 51 51 53 68 19 24 51 88 49 21 34 16 79 100 3 89 62 90 28 1 87 21 36 2 42 47 79 8 82 85 78 80 50 26 73 11 20 8 96 82 88 57 3 58 72 62 16 54 49 37 63 83 39 90 72 62 32 43 8 98 79 89 86 12 49 85 23 17 73 90 53 3 55 21 5 47 41 3 27 62 82 50 21 9 91 47 7 25 28 88 97 51 95 
90 80 74 49 32 49 5 33 100 63 58 86 94 9 73 74 89 85 14 26 49 19 40 83 53 66 29 95 2 37 58 58 33 30 46 5 90 59 63 79 64 11 44 46 71 20 14 46 9 9 53 51 54 78 56 28 82 5 89 81 98 55 15 46 53 5 80 6 69 87 29 20 20 63 4 50 58 38 70 63 84 53 16 3 93 53 42 17 38 7 80 35 55 62 50 28 99 45 54 75 
4 61 1 33 16 68 31 33 39 3 28 44 91 15 54 100 97 72 6 18 47 50 19 95 70 34 22 93 13 34 98 64 10 10 82 90 98 66 15 61 57 99 58 12 75 73 28 63 100 4 11 33 52 27 100 57 28 24 43 4 48 48 61 84 73 83 90 75 13 56 33 42 58 82 79 77 38 4 11 40 94 22 91 61 85 20 54 59 64 5 9 82 15 92 65 88 77 97 84 48 
57 15 94 67 83 7 3 37 89 18 99 79 15 33 47 63 40 40 39 32 37 79 34 62 31 50 58 32 72 85 13 8 45 70 2 8 76 18 3 2 54 30 19 77 49 56 51 23 27 91 65 43 56 33 34 94 30 55 98 90 4 80 28 64 41 65 23 80 64 13 30 94 25 3 3 46 79 49 26 25 32 10 97 13 70 5 18 35 2 21 63 6 57 39 2 31 72 14 20 32 
65 16 25 37 14 59 32 52 94 94 93 75 49 39 98 83 54 42 41 45 8 7 74 97 47 70 98 42 20 69 65 3 46 14 85 89 18 46 5 62 88 93 1 87 45 61 4 18 94 74 70 44 88 89 65 33 40 97 74 27 78 93 63 46 1 70 35 38 79 51 69 80 38 60 48 25 30 34 21 8 91 3 3 37 55 89 14 32 21 40 22 64 36 21 95 71 25 8 18 26 
39 17 52 5 17 32 32 86 18 98 44 59 100 96 74 30 27 19 69 70 37 27 12 91 96 42 6 66 18 3 55 66 84 38 55 92 48 31 7 12 72 53 72 35 1 50 46 11 69 50 100 26 59 14 28 47 48 18 56 38 95 61 73 48 40 83 43 22 94 80 2 19 1 63 90 36 43 32 46 18 91 72 48 5 97 19 22 39 30 55 63 3 30 49 10 98 55 33 62 93 
93 86 89 85 43 41 52 80 10 91 4 28 15 52 52 26 86 95 100 27 73 33 68 61 1 75 71 71 8 80 48 70 26 77 61 24 93 28 99 58 49 39 24 48 45 38 65 75 57 48 48 72 85 52 29 27 68 86 34 27 30 94 43 54 42 89 67 43 6 73 26 38 2 12 64 37 21 90 62 4 17 36 50 2 24 94 42 57 88 88 68 89 62 9 60 85 82 56 14 66 
26 62 37 45 23 79 46 47 44 3 51 90 39 18 16 29 38 56 56 24 86 82 86 77 32 89 24 15 94 7 9 61 67 95 18 10 68 3 46 4 26 12 10 89 8 23 98 66 100 11 40 83 1 3 93 21 16 72 34 74 65 33 23 13 17 80 53 3 37 98 2 1 8 61 61 49 69 22 36 3 9 41 86 2 41 11 76 96 67 77 62 87 37 59 32 12 88 28 82 11 
38 80 17 58 51 45 61 19 96 93 56 27 54 56 41 54 53 27 27 62 7 95 9 4 69 5 14 36 88 1 72 75 66 14 89 56 67 58 47 81 41 4 52 75 26 59 37 96 10 97 42 32 20 12 2 84 56 21 2 16 5 8 96 46 44 52 24 22 19 57 91 64 47 31 15 80 29 40 48 56 26 92 76 86 53 12 93 77 75 41 86 93 4 92 82 43 44 98 5 84 
95 57 75 37 58 29 69 23 33 73 6 55 73 20 79 23 59 85 74 64 73 8 21 47 94 24 48 70 25 85 36 23 97 93 62 70 28 77 4 69 60 33 71 70 85 29 53 16 9 27 56 80 40 43 69 67 73 67 75 97 31 20 41 100 23 75 46 63 18 32 68 76 75 59 94 60 95 6 72 70 50 24 47 73 86 86 76 73 65 78 49 20 70 72 32 89 62 92 71 71 
86 76 92 63 41 96 3 85 77 84 52 25 70 67 27 16 9 63 14 27 59 87 74 69 89 67 66 74 66 81 4 71 28 25 94 42 46 57 64 59 57 1 77 64 88 98 49 61 12 56 56 93 5 47 94 28 28 2 13 38 45 83 60 83 74 74 36 64 5 72 2 49 48 65 52 55 74 14 49 50 86 78 51 47 30 58 57 84 81 9 84 87 30 6 68 52 47 52 14 34 
74 46 23 67 74 20 65 52 31 98 24 31 34 66 43 48 22 62 81 55 82 86 71 35 49 16 41 58 80 72 19 30 52 39 77 6 64 53 60 18 96 75 15 43 66 97 94 91 69 85 50 89 66 3 90 25 8 23 30 60 82 45 16 9 100 15 47 13 35 28 14 32 55 78 63 99 43 45 39 43 99 88 1 14 3 10 78 64 20 6 32 57 27 85 71 63 45 21 47 19 
70 77 51 92 78 78 16 93 85 32 94 83 42 21 18 24 12 41 100 73 76 72 43 96 89 41 54 79 42 54 76 24 39 52 35 85 46 46 20 100 6 80 85 28 70 82 4 16 41 20 69 21 2 43 65 31 53 72 39 40 48 63 57 77 63 6 96 35 81 27 90 72 25 60 77 63 66 17 25 12 88 99 45 87 30 100 60 99 43 96 19 90 4 68 91 97 22 5 17 43 
3 40 9 25 84 42 5 49 92 15 41 95 27 22 54 84 18 52 23 84 87 4 31 27 13 55 95 55 5 100 50 14 22 35 99 62 27 97 6 100 30 54 100 29 45 48 47 6 64 8 77 75 72 47 26 48 61 23 6 70 79 23 34 48 84 93 77 3 15 45 91 84 33 27 79 30 96 15 100 99 76 79 4 41 71 88 71 84 14 80 16 50 84 46 59 61 91 56 92 5 
48 94 39 27 24 13 42 100 69 24 74 89 50 67 63 70 75 57 37 80 59 14 83 26 83 71 9 99 60 99 27 70 60 72 85 21 77 80 53 79 73 66 39 28 22 55 61 46 65 80 60 52 87 71 100 9 37 74 71 77 6 43 88 34 100 28 35 41 50 40 71 51 81 13 55 64 50 81 3 51 73 24 54 99 76 36 9 5 36 14 25 26 23 71 39 88 36 77 34 41 
76 12 11 7 73 32 67 28 73 5 18 26 28 54 51 40 90 83 26 90 67 51 42 46 5 66 42 71 9 28 98 25 100 89 59 34 27 99 4 1 44 39 54 32 13 60 92 32 29 68 69 50 30 100 19 73 86 13 1 9 12 19 67 94 52 16 94 74 69 88 9 49 70 18 79 96 93 90 91 41 41 81 20 71 48 23 10 86 37 95 74 95 17 16 18 56 57 88 49 62 
61 86 87 32 65 57 88 36 26 71 70 81 72 13 17 20 64 96 80 72 46 32 21 82 61 98 98 41 99 47 5 33 90 29 44 29 84 4 56 44 14 46 71 59 8 61 38 97 60 12 81 95 96 27 11 26 76 74 97 88 85 36 3 47 57 54 27 79 61 69 38 2 34 80 25 96 70 12 68 98 9 16 71 76 14 57 29 2 11 38 41 38 98 81 3 31 85 97 50 29 
89 43 70 92 10 46 21 68 97 26 75 67 48 41 90 19 91 70 80 33 82 58 88 62 14 90 5 73 85 12 61 63 20 39 84 98 89 32 58 39 67 92 91 55 3 25 95 17 88 98 87 46 79 71 46 8 97 37 12 81 89 31 46 55 29 60 88 88 13 90 67 59 45 47 23 10 19 33 54 85 80 23 77 1 85 86 51 86 25 42 59 57 52 38 99 29 35 31 5 85 
48 86 78 75 82 13 37 3 88 43 66 69 4 63 33 40 49 36 30 5 26 51 42 33 36 64 87 68 77 18 46 63 47 36 19 96 31 31 92 89 4 13 88 12 56 73 31 47 16 48 100 49 91 63 19 19 47 25 64 85 59 84 32 82 64 10 48 45 17 22 64 16 9 3 29 46 46 39 29 70 25 8 20 90 77 100 2 44 40 80 44 67 95 42 37 11 18 72 2 31 
5 65 32 22 95 80 7 6 79 57 33 90 39 100 99 65 41 38 100 10 64 8 81 46 73 47 95 88 65 17 43 91 35 20 65 83 63 59 90 83 19 45 22 92 42 78 13 44 82 30 76 78 46 66 63 84 93 87 14 86 29 31 27 65 1 38 92 75 41 93 67 19 44 49 67 4 80 49 53 69 2 26 22 39 86 57 61 86 97 8 45 70 74 81 59 75 41 14 44 19 
48 29 1 23 30 8 86 28 82 100 41 54 75 44 45 9 38 96 48 14 9 31 58 75 71 11 85 27 20 32 40 49 35 60 54 3 45 86 48 55 52 82 92 90 6 26 73 52 86 19 25 55 56 86 58 30 25 16 23 10 4 49 79 21 8 10 8 86 63 87 96 83 31 19 90 70 39 28 53 62 12 44 23 16 95 88 51 35 72 19 27 8 80 14 26 77 97 9 81 95 
12 80 59 79 3 20 88 66 31 87 41 35 67 73 34 26 86 71 17 32 41 37 69 96 58 90 48 9 14 45 22 36 90 34 82 95 32 86 71 90 42 12 79 65 65 37 71 1 96 21 58 25 91 91 57 22 93 64 47 96 15 67 18 92 56 45 61 93 80 83 39 7 26 67 37 73 53 53 16 41 100 93 34 93 54 29 4 36 58 1 80 42 86 91 16 18 21 98 1 68 
83 83 42 3 25 92 84 24 68 86 92 1 26 36 4 43 31 92 2 71 49 15 15 20 55 21 33 52 91 13 96 22 3 27 88 89 51 38 3 39 88 73 95 79 46 42 73 49 76 53 64 14 35 91 83 68 78 41 71 64 17 52 43 67 89 53 69 97 21 55 82 82 23 80 48 95 29 87 98 54 96 86 74 20 80 99 14 24 51 42 6 21 39 26 80 74 33 29 98 84 
73 21 39 86 97 11 91 92 73 31 67 99 65 72 82 51 32 75 83 29 36 28 98 21 93 48 2 31 85 46 87 87 5 96 45 55 15 48 59 46 47 29 24 37 79 1 99 83 65 59 30 30 75 34 26 12 28 87 87 84 90 35 11 74 1 34 18 14 75 86 1 35 14 57 59 9 24 70 44 75 36 81 46 12 83 12 41 99 19 76 10 86 73 64 24 50 58 8 46 76 
39 59 20 67 72 5 80 78 18 61 39 1 22 41 12 10 70 37 51 15 66 45 57 98 34 96 45 13 27 71 5 87 29 4 50 46 26 37 68 1 64 65 26 12 39 5 95 46 98 52 87 36 24 36 51 31 35 6 70 75 51 36 74 14 66 1 56 11 58 74 77 96 10 88 65 23 47 42 76 49 10 28 22 88 27 21 95 67 26 89 53 72 69 84 31 84 2 12 39 94 
3 36 96 9 88 33 35 58 70 62 34 99 93 85 12 70 90 86 35 97 40 67 83 11 82 45 1 27 29 88 2 59 29 5 29 1 38 71 9 58 65 34 56 84 30 49 67 70 67 31 87 67 6 95 64 73 97 72 1 90 56 41 2 66 35 98 50 76 25 58 29 84 80 77 16 35 92 52 71 40 60 79 58 45 95 64 19 89 19 30 12 89 2 5 18 82 49 32 90 27 
1 26 80 41 98 34 80 88 7 4 21 72 78 68 94 75 24 99 81 56 25 41 96 25 57 55 70 58 50 54 62 86 47 85 55 45 24 58 57 40 94 74 47 34 14 68 47 17 46 94 48 71 82 81 85 35 17 36 45 5 29 8 90 73 22 80 6 60 51 49 79 28 4 27 43 58 60 99 7 65 99 26 34 18 24 31 29 82 37 44 56 46 80 89 83 29 22 90 25 60 
81 55 71 69 88 84 81 37 89 98 45 42 63 83 21 17 17 7 92 72 80 85 3 62 54 82 75 50 81 27 61 39 76 88 81 41 95 51 96 23 49 42 79 35 18 60 14 6 31 27 62 18 11 74 94 24 5 62 21 18 23 27 70 33 35 42 22 52 58 72 48 63 42 47 8 33 35 86 50 4 37 57 25 5 48 53 45 54 96 28 78 6 18 4 11 8 57 72 13 85 
11 63 60 56 63 35 93 39 33 81 90 81 44 7 57 56 3 68 65 63 18 8 20 87 36 67 42 48 71 42 1 93 12 46 52 98 12 82 100 77 38 29 65 52 84 48 73 57 48 100 43 35 35 68 92 84 98 30 54 43 49 15 68 92 54 27 40 52 41 58 60 55 11 23 85 100 87 56 79 16 40 78 55 81 3 99 32 42 99 17 69 37 31 81 51 52 48 50 93 23 
10 86 99 21 60 92 77 24 40 100 94 7 37 51 54 55 86 44 59 94 96 82 89 59 35 65 15 81 8 4 41 35 71 83 16 83 68 80 24 88 35 100 80 69 93 95 91 8 98 45 77 95 14 33 32 69 43 33 82 40 52 55 51 27 78 31 8 82 82 88 47 92 81 50 4 82 86 84 1 93 74 53 19 97 78 58 68 75 57 80 93 21 45 7 62 18 68 30 79 45 
92 91 78 74 93 2 80 88 44 16 76 87 56 22 48 16 56 78 24 11 95 90 91 3 86 76 26 19 51 15 19 4 93 40 100 59 39 6 42 25 23 81 81 61 44 37 56 85 15 47 12 23 14 45 84 34 52 58 62 22 28 9 54 34 60 10 25 80 46 18 69 57 59 85 11 86 74 67 97 64 51 21 39 48 49 67 10 51 24 26 72 24 37 95 26 79 62 88 76 29 
89 5 15 9 93 74 56 26 11 86 81 36 53 16 15 87 56 6 44 13 14 23 56 18 91 71 4 81 87 27 75 25 36 12 13 73 39 56 4 65 60 95 48 64 80 69 44 42 25 1 53 94 71 62 33 1 42 7 33 52 36 87 38 15 42 98 54 95 90 98 82 81 82 87 20 7 32 5 17 9 38 45 16 44 95 5 11 2 77 83 67 92 1 22 31 33 67 62 77 36 
44 75 27 28 93 85 83 28 34 29 97 45 37 68 19 88 53 62 85 90 54 80 91 55 84 33 5 44 37 65 95 2 81 2 29 74 36 72 25 48 46 54 93 78 58 67 2 15 3 72 42 85 40 13 98 5 12 27 13 62 81 43 82 55 32 59 3 43 92 1 79 9 14 57 48 93 82 38 12 98 81 80 96 50 86 4 35 34 80 77 92 10 80 31 7 47 31 65 94 73 
85 67 22 2 13 82 6 85 60 60 13 31 58 51 52 49 21 68 76 60 13 4 22 100 16 89 45 43 68 9 74 25 24 94 83 51 95 86 58 79 29 1 75 16 16 42 15 55 19 7 46 67 71 97 31 91 25 40 54 15 15 99 30 59 93 86 56 49 85 65 37 78 68 59 43 27 14 69 86 77 44 94 44 35 53 32 59 43 16 11 29 56 68 47 50 96 11 77 79 21 
62 31 76 49 60 51 42 61 45 77 42 96 18 74 100 11 72 86 76 1 73 70 32 87 20 59 26 42 25 67 98 17 92 93 65 81 8 57 11 53 77 83 36 1 71 91 73 59 95 41 26 32 85 76 4 37 19 11 53 73 88 51 45 80 28 71 54 85 84 21 21 4 8 4 86 86 91 28 37 18 72 72 62 6 67 59 66 7 7 99 64 41 87 66 48 8 78 54 82 40 
95 99 64 95 99 25 72 83 52 27 4 90 96 19 25 75 40 89 12 46 23 80 21 89 37 15 81 59 66 4 61 91 14 17 87 56 92 89 1 77 41 61 61 41 92 58 90 55 8 39 95 77 62 57 39 21 17 8 8 28 91 79 50 17 29 87 71 4 7 13 15 20 40 31 19 28 85 65 27 91 52 8 78 24 86 20 49 87 3 93 37 95 29 88 13 24 2 25 60 73 
81 41 5 58 34 2 12 40 4 71 21 21 6 80 24 88 63 61 23 30 59 81 54 27 40 30 7 79 41 15 85 90 73 12 75 66 44 81 21 92 47 27 34 9 54 45 97 89 79 88 21 92 7 13 11 4 51 20 77 93 58 83 37 97 58 63 12 76 87 63 4 74 10 16 47 77 54 78 75 39 77 95 10 63 100 92 64 56 59 67 13 69 89 34 88 95 53 48 65 7 
26 77 1 42 82 18 95 9 61 46 86 28 20 17 53 61 44 37 42 14 58 76 54 31 1 37 34 16 10 92 78 90 80 77 6 49 21 14 85 85 73 6 97 80 15 49 34 59 75 35 17 78 17 11 18 35 82 81 99 62 46 90 46 95 37 76 97 21 64 86 11 4 43 23 9 17 53 41 36 37 68 68 2 15 16 51 13 23 52 16 100 65 51 32 31 24 96 29 8 2 
91 56 24 96 42 81 15 39 90 5 8 41 23 58 40 71 24 67 96 3 64 62 22 84 77 11 76 43 59 40 30 81 16 28 61 37 98 93 93 21 78 5 50 27 47 31 75 85 6 96 63 63 17 36 32 70 52 65 13 6 38 29 90 91 35 59 63 23 81 40 100 8 19 53 23 74 96 39 50 94 3 35 81 92 1 19 98 46 1 43 99 44 14 3 1 47 39 30 84 34 
66 24 88 75 80 20 53 4 91 4 32 100 56 9 83 72 17 66 59 77 67 41 86 18 2 38 83 59 8 88 45 23 89 70 22 41 87 33 47 60 47 96 38 74 13 96 73 53 94 84 71 79 20 11 71 44 33 15 24 3 53 12 11 53 82 92 55 64 1 11 36 100 50 99 28 74 69 15 42 36 92 27 37 34 54 78 57 1 18 43 95 86 66 100 81 66 82 34 37 90 
19 64 25 63 8 29 92 27 13 72 69 9 89 11 26 97 24 45 47 94 22 26 83 25 77 26 21 49 70 73 65 43 69 4 46 55 81 22 59 97 8 82 27 60 39 2 98 38 69 5 55 41 63 53 72 93 88 26 25 81 82 13 93 53 39 16 82 62 29 85 71 16 56 36 83 1 42 86 52 98 62 32 64 24 91 1 43 57 33 55 19 15 57 10 60 46 56 62 85 47 
72 58 72 58 81 12 22 15 67 34 60 97 82 37 49 41 12 65 54 29 88 63 49 60 87 82 50 38 66 59 2 31 81 14 21 76 45 21 72 74 7 79 87 96 53 38 60 56 69 62 99 50 53 3 19 91 88 15 77 79 35 21 77 53 10 48 19 32 14 17 96 81 82 25 90 33 38 30 55 98 60 36 33 72 6 14 11 70 61 55 29 74 58 37 85 6 96 10 42 57 
69 17 59 1 36 80 60 96 15 67 84 76 93 98 13 62 29 58 87 62 11 51 38 29 16 95 93 96 46 41 10 52 73 38 72 71 95 19 68 68 62 86 100 23 61 21 1 12 98 100 100 87 94 99 52 56 83 98 75 80 56 97 43 98 68 98 38 82 27 28 57 45 80 66 38 14 31 45 31 2 83 22 16 69 33 19 35 93 7 57 91 62 53 31 73 44 83 90 8 18 
89 54 93 41 70 1 68 34 12 90 81 24 98 93 38 58 22 63 79 58 35 73 98 2 72 22 28 65 45 94 20 74 85 31 21 22 33 46 84 45 88 5 42 45 43 31 21 5 46 39 82 4 63 90 84 76 42 1 42 73 22 16 14 25 79 88 68 9 45 40 13 77 79 17 78 46 83 63 89 34 100 78 2 59 22 27 73 86 22 55 6 98 6 78 65 76 56 53 26 52 
23 85 91 92 77 21 36 85 100 61 44 65 28 69 20 74 86 89 96 78 15 28 58 85 23 55 68 74 68 26 51 94 73 3 75 44 65 19 82 3 91 70 53 51 80 17 8 91 2 10 58 86 81 43 89 14 5 86 7 64 3 96 68 21 28 65 34 88 19 63 45 85 3 59 9 11 24 75 93 45 83 72 16 65 97 16 95 74 21 62 79 58 78 81 30 14 66 89 59 22 
45 100 57 11 60 90 6 74 27 59 84 35 60 48 81 91 73 67 69 98 71 14 15 42 70 97 58 69 91 41 87 84 58 9 73 58 59 36 29 29 85 10 91 47 71 26 33 68 48 19 91 28 20 3 35 96 18 14 23 58 50 29 98 13 60 98 89 59 53 55 77 28 30 37 10 12 8 15 35 45 64 68 14 68 71 88 21 57 6 58 76 92 39 34 48 47 70 31 80 100 
34 93 4 85 92 100 17 60 40 47 70 1 92 13 86 11 18 77 35 23 100 43 87 61 10 8 86 87 86 65 89 61 56 22 62 10 91 100 15 53 72 55 85 61 84 56 94 62 32 72 49 28 92 32 5 62 39 70 43 28 85 37 48 37 61 88 36 27 6 33 4 21 6 96 67 4 49 64 77 36 15 66 84 36 35 48 65 28 69 95 90 47 17 30 98 81 10 29 46 85 
23 3 42 82 3 29 17 20 46 64 97 83 63 11 80 16 87 62 53 96 81 54 94 76 48 48 66 30 7 7 68 12 27 89 35 44 74 32 18 66 49 46 41 84 15 63 14 25 40 48 31 38 98 94 28 50 97 88 24 30 69 90 40 40 12 3 82 66 88 2 24 94 6 66 5 34 13 45 17 74 76 94 42 58 85 17 12 22 53 46 64 12 97 15 48 32 72 19 85 95 
51 96 36 2 15 84 86 97 87 78 58 40 43 21 52 38 45 4 50 88 92 3 9 17 14 45 63 68 75 41 97 71 47 61 18 39 61 81 48 55 93 5 79 22 58 13 35 57 15 28 58 71 58 62 83 69 77 62 89 47 83 82 66 47 31 3 80 70 21 84 76 29 83 66 31 16 33 77 24 27 85 47 32 32 83 5 32 28 27 66 46 74 84 46 90 20 45 42 73 84 
97 97 3 98 28 33 26 9 78 69 56 91 91 45 31 70 38 95 73 2 100 95 81 26 88 98 93 68 11 40 12 22 55 91 85 4 7 34 3 57 71 91 24 25 38 81 78 6 61 84 63 67 77 49 89 3 23 69 55 60 88 95 1 12 53 34 16 17 45 32 59 30 88 77 34 6 79 65 48 28 63 89 70 58 93 39 42 35 71 37 60 24 40 32 56 16 1 88 90 82 
57 38 83 25 5 24 80 38 78 99 57 97 46 37 67 97 41 34 1 12 69 38 71 20 87 96 7 37 15 55 32 24 19 63 10 41 25 99 5 13 16 14 73 18 49 60 14 14 46 52 26 14 12 72 27 78 8 36 15 67 91 8 42 32 80 3 80 25 45 44 56 16 14 79 48 83 48 55 95 51 56 81 29 30 22 18 3 78 100 79 62 7 30 99 34 63 24 90 71 40 
69 84 62 82 67 33 15 7 5 97 73 48 3 49 51 55 96 18 77 40 61 92 55 17 19 80 48 74 6 52 100 43 52 61 31 38 11 18 25 16 66 60 91 50 59 80 36 66 13 73 66 15 92 78 59 97 21 96 15 85 87 50 77 37 83 42 32 53 67 47 15 4 74 27 48 21 32 69 67 99 16 38 69 43 66 76 11 76 83 37 62 20 1 22 14 79 44 23 48 27 
65 3 53 64 100 55 95 49 75 66 60 68 95 42 79 56 71 39 36 91 54 3 12 5 9 64 57 39 41 11 82 60 79 7 56 98 21 65 43 45 68 39 43 32 22 42 50 38 10 76 14 22 2 25 30 87 71 55 32 47 24 27 79 51 60 83 15 40 48 18 12 61 34 84 96 47 97 49 94 45 87 91 34 15 29 46 22 47 91 58 51 40 36 33 25 32 7 8 51 6 
14 65 77 6 12 11 5 30 66 70 69 11 34 23 15 19 44 31 11 29 3 25 45 16 41 32 42 49 55 60 75 76 58 92 33 20 46 45 94 66 97 86 36 28 55 66 42 86 19 68 1 51 15 9 74 39 31 50 16 3 77 34 71 46 51 6 94 58 79 76 70 59 22 11 71 63 11 82 93 97 41 11 29 34 74 91 29 53 73 6 67 46 36 83 32 77 7 77 43 34 
9 10 74 63 3 59 15 65 100 1 44 71 52 34 20 52 68 49 76 35 43 47 61 66 81 79 17 93 23 4 78 45 37 28 88 95 80 48 43 21 32 25 88 77 35 27 87 1 32 12 83 21 88 20 90 17 100 46 7 63 61 76 28 100 3 69 87 99 57 61 75 60 2 94 25 6 5 90 65 82 89 14 66 17 8 19 44 76 80 86 24 13 98 92 7 50 14 4 44 65 
9 82 11 35 36 66 89 32 86 46 48 8 36 36 75 14 43 5 95 49 54 94 84 76 31 35 72 66 56 11 54 74 86 44 59 27 80 50 47 50 66 18 8 27 1 39 89 71 94 79 18 89 7 35 100 77 92 42 53 90 77 34 1 61 89 94 76 12 96 33 56 73 100 59 78 16 57 45 27 37 43 70 100 64 86 16 39 30 61 82 27 84 30 88 34 12 64 91 11 40 
47 92 15 22 98 6 79 40 35 11 52 60 1 86 50 80 79 80 48 85 76 54 53 91 77 87 63 50 63 3 73 35 73 93 9 63 66 81 19 27 44 51 96 29 95 44 15 49 31 32 97 87 49 13 52 39 2 86 60 89 77 62 25 71 41 39 69 21 59 83 6 12 4 46 13 31 36 100 5 80 30 13 31 73 36 16 71 88 33 55 35 97 96 42 14 67 10 37 36 31 
80 86 19 4 9 54 38 37 24 74 3 88 16 38 51 81 46 82 27 52 71 9 4 29 1 40 84 78 7 72 62 18 34 66 90 94 80 9 41 67 66 14 55 54 82 89 17 20 51 90 5 66 100 55 20 63 86 94 86 77 8 67 45 78 88 99 76 49 11 10 7 86 96 9 77 22 71 92 17 16 36 93 83 42 95 72 85 17 66 37 14 89 87 24 70 38 10 13 71 75 
