100 100
94 20 38 25 51 15 11 22 39 7 87 63 73 3 67 69 10 82 9 55 87 26 90 3 60 72 85 88 49 41 45 7 64 46 71 48 48 15 85 88 28 94 28 13 46 82 30 36 46 48 1 94 57 73 68 9 65 66 86 9 93 39 78 54 32 59 37 21 1 9 36 98 2 95 65 62 59 8 76 17 61 98 15 21 53 80 71 82 26 73 38 90 79 1 58 22 49 94 8 89 
81 74 47 8 77 39 7 55 13 28 40 80 79 77 28 2 64 22 94 15 3 15 49 36 99 19 11 82 2 47 28 46 32 25 62 77 54 18 85 39 58 93 61 42 58 46 34 24 35 61 85 41 34 6 87 79 44 28 26 68 53 97 28 19 90 40 77 65 87 79 24 95 27 58 86 7 99 58 69 33 27 31 17 50 74 88 3 46 75 45 71 85 21 6 39 18 37 94 1 40 
12 82 50 25 21 14 86 85 3 60 53 49 86 52 23 28 80 51 1 18 6 58 87 43 4 5 24 4 56 56 55 36 73 86 20 99 48 17 19 82 9 50 87 17 9 70 88 20 94 96 76 11 40 92 98 32 18 8 3 72 56 48 82 60 69 23 15 55 69 71 99 27 87 8 28 27 61 82 12 13 65 59 73 47 82 60 26 87 32 61 50 82 38 4 17 10 31 74 8 54 
82 24 23 100 15 29 19 31 53 27 37 13 72 30 36 26 88 21 84 69 76 84 39 86 64 53 7 17 80 71 23 54 98 10 32 31 9 57 41 34 80 89 39 19 69 82 21 40 58 16 79 15 43 29 5 2 96 54 62 55 88 39 80 43 9 43 49 48 96 100 18 38 20 23 96 85 53 67 52 16 99 94 92 67 79 55 73 97 37 48 21 24 86 76 40 78 29 89 74 92 
98 52 58 63 97 28 99 23 32 2 12 31 32 93 51 35 36 26 11 30 34 26 28 63 74 62 70 36 93 36 68 14 63 98 77 61 50 43 83 40 26 23 41 10 97 71 19 76 19 34 56 80 5 87 81 52 32 75 26 35 9 20 98 41 100 2 50 73 60 56 16 73 47 91 46 74 63 47 64 87 67 95 61 4 97 98 31 8 88 32 31 56 88 63 51 64 41 70 97 70 
11 20 92 99 81 99 94 36 10 60 92 18 7 48 28 70 6 83 9 78 20 33 84 99 73 40 2 100 45 12 9 26 23 64 48 53 30 28 2 8 90 1 66 92 30 37 96 85 2 73 100 90 7 91 24 62 40 9 56 100 94 21 33 62 43 20 81 21 50 47 9 94 6 77 21 21 36 1 20 19 52 50 33 69 87 15 97 65 70 57 57 6 97 13 68 46 79 79 43 55 
24 22 37 49 45 74 24 9 14 33 85 64 14 75 76 84 100 52 96 45 91 70 7 55 42 89 5 91 64 73 11 59 73 92 61 27 22 59 87 5 11 40 2 47 7 97 61 84 47 90 42 58 4 12 92 77 28 45 83 35 82 53 96 46 96 86 13 94 63 48 10 35 65 15 41 86 17 90 22 38 39 51 24 28 40 13 91 11 42 19 39 30 35 7 2 7 27 13 7 11 
87 83 15 92 88 31 93 3 25 60 26 28 56 79 35 41 10 96 100 56 91 66 36 37 26 39 89 61 55 48 26 1 36 7 49 21 90 4 29 13 66 96 84 11 17 22 9 61 5 65 54 75 29 89 20 81 16 11 66 94 61 35 86 8 85 1 34 18 16 68 85 79 51 94 30 79 40 47 88 72 43 13 1 85 96 51 60 5 46 87 40 3 9 43 4 96 75 96 91 17 
88 15 2 76 17 80 91 32 84 70 13 61 65 90 6 6 19 2 100 80 97 65 46 21 22 93 23 39 5 68 47 39 94 69 21 74 49 44 33 44 58 90 87 100 51 28 89 46 10 81 61 96 96 87 94 22 84 22 79 50 79 83 86 4 69 53 69 23 25 46 44 86 42 11 60 83 90 44 73 60 95 9 59 36 28 42 99 55 65 51 33 51 90 44 54 48 94 53 79 87 
67 48 80 77 57 7 89 47 95 67 41 77 14 26 100 30 36 64 10 73 24 24 9 90 43 2 16 38 79 72 7 97 24 81 61 75 42 38 31 41 14 51 12 99 76 81 47 52 77 95 18 26 2 25 93 50 60 72 7 14 50 49 25 34 32 83 41 43 50 30 20 96 43 40 9 74 58 65 13 66 28 74 71 98 24 1 86 40 94 39 18 36 53 53 42 79 40 75 83 27 
30 46 85 77 70 92 49 29 54 61 3 90 1 88 63 71 27 8 78 15 93 2 69 48 41 43 67 2 40 16 65 18 88 96 46 43 65 26 23 96 46 76 86 47 35 80 64 79 11 13 29 64 64 96 51 2 75 9 72 17 56 12 97 97 60 66 29 17 32 93 91 74 56 30 82 27 27 47 81 35 61 32 45 70 90 43 31 96 66 40 73 73 27 76 86 46 61 59 28 76 
50 57 93 76 77 27 51 56 49 69 4 30 83 72 81 87 10 67 27 49 90 63 64 13 80 35 40 49 30 60 34 92 39 89 73 79 17 78 1 20 35 91 88 5 55 89 1 90 32 47 98 79 6 52 74 46 28 79 62 37 25 33 65 70 93 45 52 7 32 75 6 33 25 77 31 38 29 99 24 34 52 60 99 24 7 82 55 20 45 1 68 75 59 66 6 36 40 24 23 51 
21 92 69 35 22 52 52 18 8 83 34 35 58 81 17 100 49 3 12 22 94 52 95 27 67 82 5 33 32 92 31 39 40 86 45 2 1 57 8 34 17 97 6 84 10 72 33 63 67 88 66 49 91 34 69 28 43 82 61 16 98 74 9 16 49 93 40 92 36 54 54 39 50 85 86 39 85 78 5 39 30 48 71 53 94 9 37 9 46 59 1 6 68 66 87 6 21 71 1 66 
58 73 44 56 51 31 97 76 6 33 21 50 35 35 60 21 24 32 11 57 56 39 97 12 55 14 3 56 78 47 6 54 98 19 17 7 33 95 58 35 99 38 50 91 90 83 93 57 14 30 11 49 37 60 79 83 37 30 78 58 18 37 71 26 42 100 45 60 18 80 82 89 90 68 66 83 14 64 84 28 88 71 46 95 77 77 62 69 5 83 65 67 83 89 9 45 66 53 34 1 
90 18 59 18 74 92 78 18 54 78 80 97 88 50 26 32 43 71 92 62 82 6 70 76 51 85 59 78 46 69 12 65 12 40 80 57 19 50 59 63 8 28 76 98 88 27 22 45 1 62 57 61 100 58 24 4 36 25 93 32 91 59 87 9 43 49 66 59 11 1 68 77 19 98 33 7 18 41 5 87 41 57 30 96 9 6 87 94 15 1 79 22 20 54 58 59 73 55 60 89 
48 15 78 62 99 65 74 49 47 7 58 1 55 75 80 86 63 81 37 25 86 72 31 19 40 66 48 25 96 49 7 56 5 51 32 71 18 97 10 85 4 10 75 74 17 80 17 54 17 66 23 52 2 35 58 30 46 94 21 16 49 55 32 89 59 48 16 98 49 44 10 61 63 92 47 94 62 51 24 74 94 41 14 3 76 44 21 99 99 28 58 53 93 100 23 37 63 25 82 4 
31 81 50 42 68 75 22 98 41 20 97 60 19 10 89 34 41 22 39 40 95 98 84 82 4 92 35 96 4 78 10 75 61 70 12 78 12 43 89 64 89 97 2 71 70 31 85 89 57 80 30 55 31 37 88 86 59 13 14 43 5 25 75 77 18 40 66 21 51 55 10 71 68 61 42 32 95 92 52 10 1 70 3 23 4 33 16 26 46 75 9 62 8 30 19 75 98 38 45 21 
72 68 55 4 2 86 99 37 51 85 73 50 82 9 60 98 70 32 91 46 23 88 36 13 39 60 1 11 11 66 36 76 47 52 55 63 59 11 75 5 59 31 1 26 99 73 33 17 89 16 11 6 29 82 10 20 99 83 47 97 81 4 5 84 70 21 36 97 26 29 72 48 49 74 58 21 83 90 26 18 33 26 5 25 76 78 49 62 95 21 40 30 94 51 24 42 1 2 98 95 
76 12 29 77 59 89 3 20 16 42 3 84 27 51 100 66 52 57 54 79 12 10 20 95 13 36 80 33 48 91 43 16 43 87 3 73 72 64 99 48 81 92 35 92 78 71 49 40 18 4 24 54 85 26 31 42 78 90 36 77 64 91 37 70 66 75 95 98 21 95 11 8 94 63 7 79 5 69 68 61 96 13 86 90 19 19 99 97 38 78 46 19 44 57 53 37 27 50 60 63 
95 58 100 85 69 9 76 43 40 100 28 73 100 46 10 68 18 100 65 50 13 25 43 15 94 62 99 20 39 35 66 36 39 93 22 71 87 7 91 52 37 19 23 61 62 53 22 27 89 45 43 81 86 65 78 86 82 90 39 18 73 93 91 63 92 69 51 24 51 60 45 45 85 36 27 51 55 56 39 99 74 77 92 24 18 70 67 97 99 19 2 11 29 70 34 15 60 22 1 42 
31 80 8 23 85 17 26 33 44 14 82 69 48 46 35 13 11 100 84 8 77 88 46 53 51 4 58 45 37 16 72 60 3 16 21 99 63 81 72 67 62 49 23 16 10 65 16 6 30 60 15 83 76 39 41 65 94 70 58 94 84 61 61 80 19 59 20 77 33 14 67 34 35 42 92 97 56 6 54 13 84 4 10 45 22 20 66 39 12 57 38 45 30 1 67 91 60 72 59 6 
56 74 92 75 44 65 31 9 13 81 27 60 94 94 54 34 78 51 25 64 70 48 79 94 54 25 42 14 66 24 97 19 11 86 40 81 85 46 24 35 70 99 100 46 47 17 12 33 11 22 99 97 88 70 29 74 24 86 38 82 91 66 29 35 46 76 31 94 37 29 63 7 97 32 28 51 56 53 17 42 83 99 25 68 71 12 89 34 13 29 61 39 72 77 51 52 28 6 83 33 
52 85 28 67 24 46 11 3 21 30 44 62 43 48 20 65 4 5 64 30 44 48 44 15 96 1 93 76 61 88 36 22 76 62 19 8 35 92 60 80 100 57 32 68 78 95 20 64 39 65 79 92 52 62 1 79 49 13 55 78 22 26 3 35 58 81 77 91 33 89 86 63 68 28 100 51 28 86 44 56 84 58 5 73 91 17 62 30 34 35 76 5 1 8 26 92 53 12 28 37 
92 24 23 84 55 1 19 75 46 82 4 90 12 98 16 51 57 11 44 57 41 18 70 50 18 84 17 30 34 50 64 21 61 43 19 61 5 59 3 58 83 87 7 36 70 98 47 48 9 72 10 40 51 58 96 1 38 36 48 45 25 38 67 53 26 27 2 62 60 100 89 10 36 68 41 46 15 70 7 80 80 50 63 15 8 24 39 20 90 67 26 61 98 25 34 82 6 48 52 97 
2 61 36 61 80 92 68 36 53 24 46 61 49 23 15 12 45 22 68 26 35 82 68 7 74 62 16 43 70 62 32 13 78 25 39 33 86 49 39 68 82 56 89 54 29 6 90 23 32 1 64 97 60 31 49 41 91 16 85 66 25 48 56 97 83 37 58 23 43 80 35 14 45 29 26 86 15 97 18 1 53 3 86 65 98 68 26 30 57 91 5 86 1 4 94 99 59 23 13 79 
51 27 26 84 22 4 78 39 34 46 4 17 7 76 33 72 75 65 92 57 15 6 18 90 39 45 23 15 12 11 3 76 54 50 55 81 34 8 100 58 53 30 86 52 10 75 95 95 42 56 39 89 70 95 31 70 61 68 17 97 37 62 45 93 38 66 23 23 70 100 63 74 17 96 21 7 61 74 24 13 82 5 16 47 49 85 70 12 39 43 35 96 20 52 86 2 28 39 3 63 
18 12 3 64 9 10 60 73 47 86 54 42 91 89 39 82 34 87 44 59 42 29 70 80 14 49 82 85 69 76 21 4 29 36 97 56 38 42 37 9 56 52 70 59 48 68 40 39 8 89 31 38 5 67 55 90 75 81 66 35 61 92 41 29 52 58 81 5 66 70 92 53 47 91 18 43 78 90 95 11 38 6 55 78 13 68 78 6 84 30 17 81 86 54 56 71 14 12 75 93 
100 99 76 41 6 16 58 61 68 98 75 70 47 84 32 14 40 22 14 72 15 99 90 57 97 25 76 27 83 40 60 54 98 36 96 6 3 15 73 58 94 33 32 8 27 43 86 33 71 34 33 20 96 63 20 8 74 4 7 9 16 96 35 47 7 92 66 68 44 91 65 40 56 53 56 39 67 27 68 21 69 79 81 78 22 78 75 94 46 59 96 62 100 43 18 87 24 31 89 13 
26 70 17 17 17 44 40 73 65 12 70 84 48 51 67 36 77 14 62 85 95 74 47 66 54 5 74 5 16 1 35 62 51 62 30 14 51 23 83 52 44 24 6 30 2 19 93 49 90 59 48 97 69 20 66 89 85 55 10 65 11 2 64 16 46 26 43 24 27 80 54 74 58 29 53 75 73 20 4 29 85 60 56 31 23 100 74 58 11 97 77 81 8 51 29 61 69 63 99 92 
77 76 61 31 81 88 70 74 74 53 35 37 35 86 83 32 31 98 45 37 58 62 64 32 47 95 5 89 81 31 24 64 43 89 85 43 30 43 43 43 75 53 42 55 78 76 88 18 24 4 63 92 53 90 61 58 71 39 11 31 54 2 8 28 1 59 6 79 59 61 91 18 92 18 71 58 35 71 54 37 69 57 12 88 50 1 65 65 12 31 85 29 83 15 10 71 20 68 26 97 
18 88 76 26 98 92 96 84 73 96 80 51 68 80 20 82 93 28 24 55 7 97 7 31 36 3 4 57 58 33 57 13 2 15 22 56 13 9 33 76 28 11 94 28 81 26 40 61 59 53 85 73 39 61 35 56 65 71 20 74 48 19 36 85 63 33 1 73 13 61 29 63 25 95 6 83 72 77 96 91 2 36 53 33 88 77 51 5 9 54 22 61 49 68 16 41 34 62 76 83 
97 39 30 14 71 83 76 42 90 47 78 51 5 15 72 51 3 75 69 67 69 10 68 35 45 24 19 8 81 32 15 66 57 54 100 23 37 54 22 70 43 76 7 82 74 50 84 27 63 99 6 62 22 82 12 77 77 36 68 90 72 43 89 34 61 60 34 100 60 48 10 78 30 16 47 13 24 48 20 34 89 38 49 79 53 49 88 80 51 9 52 84 98 50 92 27 38 87 54 80 
98 71 5 80 14 64 23 43 8 22 23 71 12 31 67 96 11 28 35 47 17 97 90 63 50 38 9 41 83 52 96 45 17 86 95 67 75 74 9 84 4 36 64 5 68 37 75 5 96 79 22 99 96 72 94 42 2 46 48 20 11 93 42 70 53 65 55 61 52 90 42 25 92 65 89 66 19 14 47 99 34 53 66 55 11 62 44 88 56 72 40 70 54 98 77 16 7 89 79 24 
8 46 100 78 28 90 24 82 36 60 2 82 51 18 43 75 67 47 6 75 35 24 17 31 81 97 51 86 21 7 73 100 69 99 57 45 15 69 11 94 31 98 16 4 13 53 87 36 100 89 6 89 52 33 93 22 84 18 91 100 90 85 51 9 59 87 14 93 76 92 24 2 3 54 39 24 51 17 66 55 29 8 64 53 63 85 30 18 23 81 1 15 55 68 26 76 47 58 65 20 
97 14 9 28 19 95 99 22 2 85 26 96 41 37 82 93 94 88 6 89 49 27 79 98 31 9 76 47 71 31 14 79 23 76 1 91 42 70 10 27 44 92 52 54 50 60 87 98 43 72 99 3 26 54 56 79 33 23 19 80 81 32 22 45 79 26 37 6 18 50 84 57 1 37 92 65 36 71 80 33 69 23 68 71 57 39 17 38 11 74 36 37 43 37 5 71 82 13 76 79 
14 3 27 9 13 13 95 37 78 19 57 66 27 70 99 87 100 15 15 41 99 91 46 98 97 56 59 64 23 8 55 26 87 46 4 60 31 19 33 44 13 94 86 61 87 8 55 32 9 54 90 2 26 19 76 95 93 38 72 32 74 71 62 48 1 26 26 26 80 46 41 23 51 17 36 80 15 63 16 41 49 40 14 70 71 80 35 36 84 30 19 87 81 47 21 20 27 84 51 45 
9 18 97 40 57 14 13 83 23 41 73 1 87 29 23 20 63 81 49 28 21 60 79 97 79 18 26 76 69 23 28 53 56 91 80 71 13 83 32 72 44 84 95 28 19 11 4 21 97 87 20 31 14 94 71 28 12 69 11 25 24 6 37 36 17 32 22 64 59 87 49 25 17 29 29 54 36 99 27 31 59 50 1 74 49 25 67 13 79 49 6 61 28 33 54 93 95 75 96 3 
51 14 59 23 84 5 44 88 92 35 99 34 19 24 10 8 76 98 63 52 42 96 11 87 22 59 50 49 71 28 67 61 38 17 45 52 81 38 56 27 38 84 45 2 27 58 52 58 42 85 76 2 60 23 5 16 58 7 6 85 73 13 79 95 82 88 19 50 71 2 87 21 98 64 31 12 61 49 74 11 99 79 21 78 68 6 36 46 62 31 56 7 54 43 47 22 2 96 81 19 
2 95 93 25 9 18 4 96 38 14 26 99 26 27 13 38 24 8 65 51 74 59 14 41 90 77 95 62 5 13 54 67 41 6 73 52 22 49 97 1 5 71 56 37 40 67 25 88 44 23 48 71 68 44 86 74 90 99 25 91 24 14 28 7 96 98 19 10 32 30 41 11 41 77 69 1 81 46 3 57 36 10 78 3 72 68 40 31 10 68 44 48 3 73 61 66 73 93 100 92 
11 35 79 37 91 67 83 47 92 31 81 100 20 52 2 78 21 80 75 33 86 22 85 33 10 72 71 25 69 56 78 78 65 26 38 37 72 100 17 76 9 41 64 86 55 53 98 59 75 27 78 81 99 73 71 30 93 43 41 68 18 90 78 17 96 94 51 85 54 71 91 22 43 27 13 14 53 39 70 85 14 59 30 43 1 47 92 62 22 90 40 96 81 44 97 60 28 1 2 38 
84 19 46 6 56 58 20 36 66 58 70 44 58 44 43 5 82 26 82 78 10 93 56 96 58 67 60 15 79 4 58 21 50 28 98 96 95 53 18 32 53 98 61 96 60 41 44 1 76 93 34 10 88 57 8 47 12 18 34 91 71 11 97 79 76 75 90 76 86 96 40 81 65 64 50 69 49 38 22 95 25 54 26 90 91 3 72 68 33 3 24 20 47 37 90 95 79 18 30 46 
22 69 68 84 49 89 70 48 66 75 72 61 55 12 73 68 21 89 97 19 84 40 25 57 64 96 47 68 37 22 34 96 38 47 47 16 8 27 66 11 12 23 83 1 77 4 100 46 83 27 87 38 14 66 70 84 60 99 26 27 85 51 15 79 82 40 31 68 76 14 66 68 38 50 41 25 74 95 40 35 20 55 2 100 39 31 54 71 73 49 77 58 72 26 8 6 30 97 6 10 
57 9 34 40 27 43 67 54 68 90 87 74 23 4 18 13 58 63 4 79 59 15 3 30 77 96 51 58 81 86 60 52 48 52 11 6 83 45 37 5 72 5 71 35 59 24 98 83 72 58 17 60 29 55 48 67 21 77 9 93 85 13 9 44 49 38 8 10 79 24 24 11 41 5 91 55 89 51 78 92 55 56 45 31 45 17 46 56 86 46 79 51 25 28 98 6 77 2 6 96 
33 39 90 18 49 87 93 49 8 58 69 41 53 52 50 16 68 41 56 33 65 87 60 89 80 49 20 24 82 11 8 79 52 6 8 25 60 6 36 15 69 25 57 62 4 25 96 10 94 90 26 14 84 63 56 60 76 73 44 56 46 91 18 62 55 77 94 59 28 32 74 49 28 35 60 67 70 15 57 4 91 99 82 26 50 2 8 23 27 9 34 26 23 37 40 60 4 88 97 55 
72 4 64 33 11 92 60 27 55 66 95 30 72 20 59 2 8 94 78 46 1 79 46 60 4 56 53 72 7 34 10 69 43 73 60 33 39 94 52 41 94 59 100 59 6 99 23 62 44 90 69 73 47 39 74 7 16 90 94 18 64 53 55 41 73 95 24 41 82 18 64 13 21 65 1 95 97 83 15 83 18 53 77 85 11 9 27 55 35 77 26 55 70 9 76 25 92 78 99 99 
33 24 88 16 96 37 30 88 79 64 3 78 19 16 39 5 67 72 22 15 53 61 75 98 63 70 82 46 42 20 8 47 80 48 24 56 23 53 39 37 46 21 3 84 15 60 42 43 36 37 31 11 13 85 74 19 48 35 46 37 51 3 18 3 13 2 42 38 76 31 15 50 97 30 95 92 49 99 8 75 64 35 86 72 79 26 67 5 73 36 69 56 80 24 50 27 82 82 81 78 
5 86 33 73 46 3 15 62 75 97 26 19 91 32 11 46 8 80 36 63 30 53 52 39 65 26 23 60 73 47 30 67 53 38 50 76 52 21 36 28 28 83 10 13 6 57 10 62 3 39 36 64 6 86 57 86 86 34 57 39 64 99 86 16 98 60 5 71 49 79 53 17 14 94 70 84 68 39 99 97 79 95 99 41 11 87 23 23 12 82 96 69 80 52 37 70 81 45 4 13 
9 14 33 89 57 52 1 100 37 54 50 88 78 65 93 69 21 31 48 61 66 40 5 9 90 33 4 24 94 72 62 50 30 24 86 22 5 75 21 4 89 75 28 66 96 94 82 94 84 25 40 72 44 64 34 44 13 93 50 86 25 38 24 55 17 75 50 43 32 45 66 28 48 84 16 50 8 39 11 29 42 30 95 86 5 33 15 55 7 28 51 36 99 60 51 81 1 94 48 90 
93 89 74 54 82 31 80 57 5 66 63 66 38 29 41 39 12 40 88 49 73 90 57 39 26 12 31 39 12 37 57 41 5 2 48 63 11 67 4 79 99 95 17 63 18 46 69 37 18 2 60 74 57 91 29 68 9 24 70 46 45 48 20 28 60 11 57 64 8 70 34 4 23 1 66 93 20 81 91 12 26 4 64 42 54 59 79 78 94 100 79 73 67 97 60 15 50 46 27 1 
56 33 26 39 26 81 98 45 5 8 28 81 22 26 71 81 87 38 98 72 32 25 61 13 49 74 71 58 35 10 19 71 41 62 31 82 81 8 88 41 4 32 35 79 73 91 38 70 40 95 97 66 48 92 38 51 4 83 18 5 63 27 30 79 98 29 32 58 16 57 61 60 93 70 48 40 81 14 54 47 56 36 40 37 34 6 42 43 94 42 72 2 8 30 44 4 86 100 51 46 
92 99 34 46 72 54 43 65 26 64 5 63 12 18 68 64 23 93 86 55 35 86 7 95 37 43 57 7 40 1 49 7 91 66 80 17 83 27 3 41 14 61 87 77 43 3 9 27 57 77 5 44 19 6 53 48 91 99 34 50 58 58 35 92 19 1 95 48 84 72 57 96 99 95 32 29 21 47 36 57 55 36 39 14 43 9 41 36 35 3 54 43 81 27 2 82 33 14 97 15 
6 9 22 80 66 87 29 94 52 68 90 20 47 57 9 94 26 21 66 23 37 70 55 53 47 82 46 98 64 68 100 54 2 93 73 43 53 65 76 98 40 80 90 72 76 5 11 68 77 96 88 45 73 19 78 65 93 69 2 60 30 46 43 91 46 30 15 27 24 92 84 55 13 44 38 68 10 10 98 45 4 100 26 14 74 56 92 9 57 45 68 14 57 38 97 28 96 18 1 11 
28 74 36 16 40 35 94 57 53 73 2 100 73 38 27 13 69 28 3 37 17 36 80 22 67 87 32 3 100 99 65 60 19 45 3 86 40 7 22 18 41 95 79 89 24 11 64 34 19 70 21 53 26 19 36 18 18 94 16 52 5 22 65 11 68 44 22 2 96 35 85 49 18 51 60 73 87 43 19 49 43 81 80 31 36 7 48 22 17 64 50 55 23 60 100 94 96 44 100 39 
27 79 18 23 38 47 14 29 63 65 76 93 16 84 40 93 15 90 22 100 97 88 2 39 61 31 47 97 41 18 67 80 6 8 9 52 43 43 37 91 30 6 4 10 78 79 64 44 94 43 4 42 69 40 64 29 53 6 5 2 69 99 44 13 71 69 20 99 10 4 79 87 88 81 44 7 67 94 74 22 84 36 35 65 15 14 28 90 78 7 62 67 12 39 82 36 77 64 72 16 
70 88 67 99 88 91 95 26 32 15 34 75 24 7 24 39 21 78 71 94 51 77 46 22 40 93 55 37 95 38 31 42 3 74 78 30 19 47 81 65 87 93 70 44 99 4 26 29 52 55 36 94 54 91 20 45 44 95 74 29 7 9 12 66 20 88 69 100 86 97 75 76 14 82 22 58 1 69 58 10 5 39 94 57 56 82 44 13 75 7 81 70 58 59 86 60 1 13 70 5 
94 50 98 59 4 66 78 30 71 32 5 84 40 22 51 73 15 87 38 4 59 49 29 46 82 12 1 38 5 47 65 80 18 29 34 47 56 78 1 35 4 34 59 84 20 24 69 15 98 98 49 36 96 6 66 96 91 9 57 45 30 49 97 90 73 6 90 68 70 12 99 21 76 54 70 69 10 9 62 94 33 78 100 43 63 66 55 18 3 49 82 91 69 93 35 62 53 37 24 61 
49 79 39 85 34 78 89 87 8 59 14 40 75 4 40 18 12 49 60 96 25 62 75 16 55 60 97 86 90 62 32 100 90 86 96 78 19 54 37 45 52 29 62 69 88 6 52 78 30 5 56 50 3 69 75 9 61 77 95 67 40 77 35 63 9 94 79 30 22 83 84 72 48 25 64 37 69 53 66 46 49 2 24 47 100 58 85 70 8 30 46 61 40 76 71 7 68 12 46 72 
61 75 18 96 3 89 49 55 14 7 46 45 4 76 51 67 5 2 10 27 100 97 41 82 76 37 86 7 55 37 48 28 96 18 74 81 24 85 9 25 73 30 51 27 21 49 82 99 30 28 58 62 27 81 90 49 73 2 68 32 59 65 32 80 30 80 50 61 97 85 55 55 13 7 21 48 12 69 27 74 93 42 31 53 97 47 88 92 98 67 48 26 88 67 29 40 49 82 36 47 
91 60 13 48 73 50 14 42 5 94 27 40 19 35 30 26 37 43 47 49 49 9 75 31 35 45 92 21 62 65 14 65 42 89 59 19 6 8 57 47 36 20 83 88 35 100 16 31 16 65 71 56 8 98 43 11 51 72 86 68 39 40 88 20 11 33 20 88 28 92 79 58 100 88 33 64 32 7 86 30 73 48 19 67 36 24 38 54 51 15 15 25 57 45 77 8 55 23 20 33 
61 87 79 42 51 25 65 47 75 43 56 91 95 23 95 52 94 25 65 91 76 65 94 82 82 6 28 31 44 39 6 83 67 16 77 71 21 47 26 100 16 32 70 35 79 41 1 13 8 2 99 86 47 59 30 23 34 92 77 55 59 24 19 54 33 93 14 16 30 76 29 5 29 24 5 87 41 3 14 92 91 77 95 40 90 54 8 72 17 29 37 11 45 5 6 26 54 93 12 71 
24 76 37 91 47 98 11 20 40 65 46 46 94 78 49 20 10 43 31 52 58 61 97 87 35 81 21 70 13 4 53 38 2 45 51 10 95 24 90 9 54 41 49 57 19 55 12 24 69 56 7 20 98 35 77 77 20 5 7 26 20 88 38 89 61 60 47 64 97 16 44 78 86 68 75 23 49 19 77 31 29 94 34 91 54 65 78 16 98 50 79 96 65 53 79 46 53 1 48 91 
3 30 34 51 65 16 26 91 10 59 99 19 16 9 45 66 70 9 47 97 48 91 76 51 39 85 89 91 10 26 89 29 20 40 31 50 48 80 65 48 85 75 77 63 83 20 100 38 55 80 41 22 66 92 42 43 27 53 15 77 57 49 43 48 2 87 96 59 86 10 2 16 10 84 74 9 88 55 79 29 34 100 19 56 13 14 92 47 46 22 51 11 50 54 8 38 94 60 26 2 
2 31 81 88 74 97 22 37 74 24 24 89 72 89 92 56 11 36 80 74 52 28 39 20 64 93 46 70 74 96 18 44 52 80 50 70 72 68 56 46 76 13 77 16 96 22 1 98 79 87 81 13 40 17 54 63 56 9 96 90 52 73 97 78 93 18 26 47 19 43 62 98 92 82 2 41 76 44 22 54 5 69 15 50 92 92 18 40 41 52 50 1 21 47 86 2 28 32 68 22 
91 74 63 21 2 80 45 91 21 53 19 48 42 82 14 45 64 45 70 34 51 62 78 79 8 13 78 54 71 80 76 15 28 68 94 40 100 54 71 8 42 69 87 26 36 40 4 27 100 39 40 85 95 97 73 28 63 77 81 17 28 97 95 50 75 39 23 24 83 72 67 82 29 27 63 17 5 49 4 47 41 7 72 59 10 90 55 13 2 78 75 24 89 14 4 38 84 50 38 77 
1 23 17 22 62 25 100 100 74 42 23 77 28 18 21 81 72 92 6 29 43 36 97 98 15 19 76 75 32 7 48 6 68 17 4 53 16 49 99 20 29 86 31 49 80 77 66 100 53 98 15 15 21 4 88 42 13 42 48 48 26 47 53 98 91 50 19 7 94 47 45 23 27 27 21 8 37 41 56 22 99 7 73 23 85 80 71 85 68 23 71 94 98 13 61 27 89 89 62 36 
88 76 25 21 91 18 25 81 83 1 37 7 16 11 27 70 87 90 25 67 27 32 19 80 88 55 100 63 51 11 70 8 58 27 7 95 39 57 19 38 8 62 39 62 6 7 23 5 79 46 91 21 98 80 37 64 28 95 16 57 19 59 84 86 91 6 56 7 12 3 92 39 92 16 48 54 16 35 27 71 55 58 41 13 28 12 56 81 36 76 43 52 35 38 69 27 66 17 35 64 
64 59 35 47 69 66 89 44 18 61 15 66 61 27 87 96 92 46 57 30 12 21 74 66 52 56 76 27 44 33 83 36 25 45 42 53 33 95 61 83 98 86 52 78 31 83 29 89 98 70 94 52 75 4 74 58 58 63 24 8 43 89 98 34 43 9 51 15 4 25 62 48 61 86 50 29 13 75 68 62 31 60 80 63 50 88 1 33 79 14 48 7 66 46 42 90 99 30 72 95 
71 30 9 29 18 70 47 29 48 23 64 16 89 26 42 21 80 27 4 72 82 34 99 8 69 21 16 92 82 42 44 65 46 67 66 63 38 55 87 88 26 27 61 94 19 1 6 26 8 65 48 13 19 45 56 73 93 67 15 85 40 81 76 76 7 25 23 53 84 83 21 35 47 34 100 100 77 62 60 37 7 43 76 91 86 24 9 19 61 52 54 82 27 85 83 7 36 15 24 50 
85 98 61 19 50 81 93 50 76 71 80 65 76 93 86 70 94 2 51 9 84 71 6 46 87 100 61 76 11 65 62 18 52 25 57 77 46 97 28 37 10 27 82 51 67 51 57 54 74 19 83 62 95 48 13 19 93 37 13 89 96 70 35 67 13 60 31 48 83 38 42 53 78 88 91 85 8 20 46 31 67 72 60 84 10 78 55 10 11 3 62 33 30 80 13 94 76 18 4 33 
77 95 54 91 73 67 50 44 11 98 85 44 88 49 26 34 95 45 62 97 44 63 46 28 17 34 56 28 10 33 52 42 92 32 41 49 87 49 31 62 27 90 79 38 61 37 77 59 89 27 30 86 97 70 4 51 74 70 78 44 84 34 27 57 73 60 12 20 75 73 74 3 92 95 69 45 54 59 77 91 53 67 60 48 34 77 13 13 15 87 5 11 4 83 7 69 18 60 99 38 
54 56 66 57 96 44 67 40 66 92 82 58 47 73 23 26 98 7 49 31 43 14 29 39 19 77 66 58 75 65 45 11 98 40 53 16 55 42 49 50 4 55 71 4 70 17 32 10 57 68 38 12 51 95 31 75 99 63 37 18 43 27 42 84 29 98 36 91 92 98 46 26 72 8 19 93 31 42 83 48 43 66 36 56 74 16 47 7 19 52 61 100 2 48 31 20 54 92 33 19 
64 6 13 45 48 35 11 20 12 44 37 82 28 68 44 18 84 14 7 61 19 93 39 41 44 91 87 10 94 96 12 92 4 51 58 71 42 16 24 89 3 7 69 25 66 6 57 37 65 68 14 77 53 71 50 51 43 94 88 78 12 44 100 3 61 44 68 20 7 97 7 33 87 60 63 57 55 62 55 48 95 27 72 85 13 6 74 59 27 12 1 84 26 83 16 14 43 27 79 72 
62 45 48 33 36 6 81 71 39 10 48 51 62 2 49 13 19 45 59 69 23 43 45 58 56 90 19 9 55 5 37 26 54 50 19 62 20 17 34 1 34 57 1 81 83 74 90 75 87 10 22 15 95 77 37 72 38 42 47 14 25 58 3 90 83 94 80 44 86 47 63 40 65 60 98 28 74 65 48 75 58 97 68 24 25 66 1 10 93 59 74 13 4 45 11 58 91 84 19 43 
70 84 74 34 5 24 79 37 78 57 55 40 89 27 68 26 71 78 4 55 85 25 74 17 80 91 70 98 10 51 7 56 59 16 12 33 79 93 50 97 19 35 44 44 63 24 64 14 68 79 5 4 74 87 35 30 11 43 95 52 98 37 36 61 17 5 56 82 43 13 50 37 75 37 16 9 15 97 76 68 7 17 86 95 65 45 11 37 95 58 8 98 38 99 15 39 49 24 1 6 
60 85 77 16 20 22 55 59 48 90 81 48 5 4 39 100 19 40 98 6 75 25 95 74 72 45 53 94 35 22 98 71 44 29 53 67 65 71 28 28 96 63 68 19 31 19 90 90 45 85 6 82 26 49 77 20 67 90 72 85 44 52 77 13 29 35 90 39 84 2 74 97 4 23 99 61 31 85 82 86 4 71 1 84 55 25 96 23 68 66 8 64 80 59 86 42 48 24 23 39 
86 45 47 28 38 82 65 20 81 29 8 63 32 49 79 14 13 23 71 60 74 55 13 91 93 54 9 77 13 2 12 38 38 56 70 31 87 83 6 63 46 1 66 54 75 67 97 7 65 31 35 93 33 74 6 8 38 74 12 14 2 11 44 68 54 11 47 71 99 73 37 49 3 20 17 100 34 57 50 38 53 81 37 84 19 81 51 7 8 44 80 51 3 94 16 26 54 75 19 98 
5 75 67 54 10 90 9 83 25 11 56 66 85 8 3 60 90 71 91 69 84 45 23 50 42 59 61 20 96 17 30 68 70 70 70 1 22 56 29 54 26 36 82 83 87 11 31 5 14 87 76 22 22 95 87 3 45 11 84 66 99 29 1 85 80 87 83 51 89 1 24 52 73 31 1 69 27 62 67 27 5 52 10 95 59 17 97 13 74 56 14 19 93 20 62 47 50 63 60 87 
33 92 71 21 65 25 8 24 77 77 45 69 81 74 71 88 30 7 83 54 92 47 50 46 51 54 4 94 73 87 81 25 59 28 9 27 47 92 72 73 86 55 68 22 41 57 21 22 42 83 77 64 85 52 41 27 64 61 48 72 5 50 71 32 11 49 50 29 74 25 18 21 30 86 37 73 97 8 100 93 1 74 9 31 47 81 95 35 4 53 72 82 98 73 74 42 2 84 53 32 
69 8 27 51 26 90 14 12 17 7 73 47 14 97 16 26 83 19 29 54 99 50 76 93 74 22 53 74 75 43 19 57 40 34 78 11 84 93 8 92 48 51 50 53 66 17 91 48 8 97 50 99 73 86 81 39 42 38 39 36 85 74 58 12 73 25 55 2 34 99 33 71 91 43 61 1 52 1 74 70 50 73 2 6 67 26 28 10 82 71 15 23 50 24 64 53 14 91 57 20 
38 100 79 46 66 53 52 22 71 46 53 91 80 41 25 89 91 97 59 22 4 55 81 98 98 34 2 61 72 53 90 28 56 37 50 75 28 5 84 65 16 44 99 100 33 13 62 77 17 2 96 36 47 24 67 58 98 10 11 41 15 48 38 3 1 23 71 100 95 65 48 57 52 80 2 44 68 9 8 57 65 97 77 94 17 34 95 34 20 62 72 36 42 26 83 68 9 61 49 20 
50 91 71 67 39 18 87 16 56 34 93 99 9 98 48 50 17 19 42 63 77 46 61 5 37 3 56 80 36 12 48 60 50 51 54 74 30 92 61 51 19 85 78 2 27 84 15 83 4 54 8 89 67 99 68 70 44 73 27 38 37 3 94 22 25 17 3 51 95 14 35 31 38 25 41 14 35 49 60 48 23 44 5 61 19 96 39 65 52 51 78 21 91 87 41 68 48 99 16 100 
28 53 52 93 52 77 97 59 26 58 65 92 48 21 16 29 48 23 97 17 15 33 74 68 78 66 80 41 13 24 62 29 51 56 100 37 22 89 67 54 33 97 17 87 83 96 20 94 45 4 59 28 20 58 35 92 13 4 82 32 56 3 38 59 55 51 90 71 47 85 49 7 16 16 100 58 24 44 44 72 58 91 20 88 3 7 54 65 33 50 73 35 49 99 75 40 63 92 7 73 
96 24 19 42 5 45 47 48 74 13 68 46 61 47 61 99 42 15 91 49 48 45 13 71 5 86 49 2 82 51 51 63 8 24 87 26 66 6 100 99 17 4 47 79 17 72 39 46 24 15 5 16 40 60 40 99 45 65 48 42 92 56 13 98 53 32 52 5 91 13 74 96 12 10 4 26 91 54 52 65 18 1 20 45 39 85 29 95 29 63 83 66 53 72 83 75 63 78 7 47 
12 21 43 1 2 43 92 81 24 73 42 70 12 65 90 40 29 20 76 21 52 91 21 100 44 93 50 48 40 17 83 61 77 99 97 33 80 33 9 6 22 74 97 40 19 59 73 2 5 69 94 13 23 27 32 94 1 6 82 93 1 90 73 86 64 18 76 87 26 49 53 26 63 9 1 40 71 13 93 60 65 89 22 38 93 96 9 7 89 70 62 13 100 93 29 2 51 85 33 33 
68 70 57 32 92 81 53 53 75 92 62 77 100 81 35 89 22 37 22 8 30 90 23 44 89 77 61 3 81 10 41 25 46 29 85 92 16 39 65 92 76 65 34 35 17 79 90 77 66 51 5 38 49 8 17 90 7 96 87 57 82 50 100 15 91 12 69 83 96 32 83 77 46 49 59 74 40 6 47 79 33 84 50 15 86 39 8 18 74 90 36 52 92 10 98 100 13 98 68 19 
30 75 92 61 99 80 80 12 86 27 28 77 25 48 82 81 49 22 30 10 58 34 30 35 14 84 42 46 92 18 67 63 32 90 78 35 6 59 59 100 86 41 32 3 45 75 91 76 90 12 66 73 66 66 70 39 8 10 29 3 38 48 74 75 49 1 14 20 84 34 81 78 88 26 45 8 39 24 82 28 39 41 81 24 60 58 28 25 40 42 15 34 18 10 70 80 72 100 85 69 
31 4 17 5 12 18 74 89 80 85 56 80 42 42 58 100 32 15 22 27 13 25 52 18 12 70 53 17 25 84 77 3 36 33 29 16 22 86 99 96 69 43 41 28 68 60 95 95 58 86 68 63 79 22 39 96 37 75 16 73 70 2 64 8 91 54 64 44 79 33 20 44 25 18 41 65 93 72 58 83 13 13 11 60 74 8 10 72 86 28 36 77 71 88 14 69 21 43 93 23 
67 73 3 9 3 96 22 30 81 17 90 84 91 53 4 27 74 98 91 11 30 49 73 53 6 1 99 32 53 59 30 65 35 36 100 1 18 88 7 75 91 29 4 90 30 11 55 4 69 40 2 3 23 96 84 8 91 98 34 10 43 35 65 71 13 4 31 49 21 11 53 47 34 92 21 32 92 6 96 36 1 98 22 65 5 3 54 66 12 90 45 14 85 89 46 72 65 62 10 70 
98 98 31 75 73 94 84 88 89 32 90 42 8 68 52 92 89 40 11 80 20 18 1 88 7 87 43 61 28 73 95 39 35 6 24 49 22 48 7 21 38 86 56 19 18 89 68 42 59 12 77 55 55 69 46 21 31 71 42 60 47 35 62 75 85 43 7 64 21 16 45 42 39 94 40 18 35 98 58 83 50 28 84 52 66 9 90 73 26 76 74 94 66 27 91 53 82 11 95 15 
35 87 41 22 34 6 5 48 82 10 14 100 43 99 26 52 89 70 82 43 99 98 4 17 25 39 33 54 34 57 28 70 25 79 49 67 10 87 35 64 47 69 89 88 90 59 20 64 14 81 67 81 43 46 30 63 43 79 19 43 23 52 39 5 45 23 29 6 13 88 73 89 94 57 18 44 84 52 6 47 70 42 74 39 83 49 36 4 96 11 80 57 38 61 71 98 78 3 9 16 
44 9 63 91 96 56 49 8 13 99 57 23 75 98 79 8 50 2 98 69 27 40 47 5 42 18 15 79 86 95 58 91 57 41 85 33 30 53 78 83 90 41 73 10 10 68 43 40 76 50 6 72 23 81 13 54 56 97 90 9 56 48 8 28 45 46 85 51 85 71 38 81 73 63 90 83 79 50 27 92 56 2 93 42 37 62 32 21 81 54 56 88 52 74 84 19 46 24 8 78 
43 67 88 3 77 54 33 83 41 90 60 4 10 51 100 9 79 62 63 21 90 53 83 1 60 41 27 95 52 51 77 13 48 46 39 83 34 64 33 66 52 31 78 41 72 75 13 87 54 10 11 77 60 9 60 85 92 90 30 31 2 40 80 2 88 86 78 81 89 64 71 41 63 66 77 1 80 28 47 68 63 10 51 38 12 99 49 73 84 13 62 67 55 17 24 92 70 98 40 83 
80 52 51 6 94 31 55 27 22 36 65 63 25 97 94 68 2 23 95 87 21 80 21 95 51 30 25 21 94 8 73 24 62 81 86 80 56 37 38 87 81 33 32 98 99 49 43 68 85 74 3 10 51 73 72 30 89 34 96 45 74 48 15 69 18 67 49 78 79 100 52 90 12 56 33 9 72 89 25 19 99 97 85 71 28 14 18 71 87 43 36 73 81 80 47 52 58 7 37 11 
78 37 36 96 29 45 9 48 33 35 56 22 31 91 47 58 89 91 11 99 39 89 82 41 79 24 32 3 7 69 80 18 55 2 83 27 47 35 53 43 87 89 22 39 33 2 36 7 63 96 33 60 34 51 40 20 56 88 15 18 70 29 28 4 51 83 58 55 100 88 15 22 47 59 85 24 51 71 55 14 41 92 52 6 98 65 38 29 95 24 43 1 78 48 7 57 11 18 88 48 
2 92 28 99 66 38 91 45 25 74 86 43 67 35 76 24 25 2 41 17 21 81 29 25 3 48 70 78 72 2 62 77 49 85 4 38 69 72 5 84 3 12 54 10 32 94 98 67 3 53 75 72 71 45 1 62 72 26 74 24 54 64 82 24 97 55 66 71 43 8 78 31 74 38 37 90 40 53 81 99 42 78 10 83 51 77 34 57 60 41 59 71 10 80 26 78 45 34 8 19 
88 77 68 99 59 97 11 8 84 79 15 82 97 10 2 67 39 79 100 25 12 4 36 7 100 6 86 22 27 27 16 24 28 49 59 51 4 98 66 56 23 13 55 18 95 95 65 100 55 41 95 44 64 93 44 70 81 13 2 2 74 7 82 2 24 94 63 9 16 54 86 2 36 58 10 16 41 28 12 88 3 97 41 98 78 81 61 9 20 73 43 74 4 38 11 38 46 99 77 50 
10 21 72 58 60 63 38 47 49 20 55 53 57 61 87 31 93 100 45 11 16 56 54 59 42 66 71 98 49 54 39 52 96 57 75 56 31 95 20 75 80 14 11 94 63 58 4 68 67 84 63 40 58 32 48 59 20 14 96 57 99 53 35 6 83 57 1 65 24 49 7 61 67 63 15 84 89 58 52 84 20 16 3 64 18 81 67 77 66 3 13 61 77 16 73 73 56 11 17 83 
2 98 13 93 41 72 23 35 36 26 83 89 2 76 54 2 69 39 76 37 64 63 49 96 4 73 81 33 37 55 27 53 68 79 54 23 18 41 7 25 88 1 7 90 54 9 21 80 33 85 54 32 92 99 36 54 1 68 65 32 3 39 3 79 16 87 96 78 53 18 41 19 36 51 45 8 97 69 75 86 82 18 8 66 40 22 34 82 37 32 70 57 56 42 77 7 63 14 38 47 
87 19 48 69 64 39 100 85 32 38 27 27 75 87 10 21 7 7 36 13 26 78 92 25 42 16 36 3 95 77 61 19 6 4 99 26 69 65 3 63 63 88 80 29 99 44 39 44 17 85 59 98 31 15 21 90 45 57 1 49 69 17 76 7 73 26 24 11 14 64 9 78 48 39 10 81 62 44 36 85 10 43 28 97 42 70 75 94 70 43 10 41 94 80 3 21 5 14 82 85 
18 57 56 52 100 73 54 36 84 47 58 33 9 13 59 67 35 69 35 68 66 38 18 29 26 93 95 75 62 95 76 38 56 10 57 23 10 46 16 85 87 57 42 75 92 56 24 47 9 11 86 44 10 32 77 49 71 20 37 47 68 86 52 50 79 32 82 62 12 28 94 20 35 47 70 89 5 4 44 19 49 68 53 69 63 90 27 37 19 4 83 99 71 72 88 20 40 70 85 7 
